1) studio funzionamento JFET

---> b.
tensione con mm digitale e corrente con mm analogico
R1 = 985 ohm
V1 = 15.0 V
V2 = -15.0 V

V_GS		I_D
0.4e-3		6e-3	
3.8e-3		6e-3
8.2e-3		6e-3
46.8e-3		6e-3
108.2e-3	5.5e-3
113.3e-3	5.5e-3
196.0e-3	5e-3
279e-3		4.8e-3
350e-3		4.5e-3
412e-3		4.25e-3
546e-3		3.8e-3
582e-3		3.6e-3
655e-3		3.3e-3
740e-3		3.0e-3
867e-3		2.75e-3
964e-3		2.2e-3
1.020		2.0e-3
1.197		1.5e-3
1.361		1.05e-3
1.438		0.85e-3
1.695		0.37e-3
1.878		0.13e-3 # tra questa e quella dopo si spegne il LED
1.999		36.5e-6
2.04		15e-6
2.08		6e-6
2.16		1e-6
2.19		0.5e-6

la tensione V_GS arriva fino a 15V ma da 2.19V in poi I_D è sotto il mezzo uA.
__________________________________________
1) parte 2 la vendetta

3.3e-3		6.24e-3
7.5e-3		6.19e-3
10.5e-3		6.18e-3
12.5e-3		6.18e-3
17.2e-3		6.15e-3
25.8e-3		6.11e-3
32.0e-3		6.08e-3
40.2e-3		6.04e-3
61.2e-3		5.93e-3
84.0e-3		5.85e-3
128.0e-3	5.64e-3
162.0e-3	5.45e-3
183.0e-3	5.35e-3
258e-3		5.02-e3
310e-3		4.80e-3
435e-3		4.27e-3
583e-3		3.64e-3
682e-3		3.27e-3
753e-3		3.01e-3
962e-3		2.28e-3
1.253		1.372e-3
1.463		856e-6
1.659		442e-6
1.688		389e-6
1.783		248e-6
1.828		187e-6
1.867		140e-6
1.899		110e-6
1.955		62e-6
1.966		47.5e-6	#anal
1.987		37e-6
2.00		30e-6
2.01		22e-6
2.02		19e-6
2.03		15e-6
2.04		12e-6
2.05		9e-6
2.08		5.5e-6
2.12		2e-6
2.14		1e-6
2.18		0.5e-6		



2)

---> a.
C1 = 100.9 nF
R3 = 4.65 Mohm
V = 650 mV
Id = 3.05 mA
Rtrim = 244

frequenza 1.011 Khz

IN	OUT
144e-3	284e-3
184e-3	364e-3
208e-3	416e-3
268e-3	586e-3
324e-3	640e-3
424e-3	880e-3
520e-3	1.08
704e-3	1.48
880e-3	1.72
1.00	2.00
1.10	2.20
1.16	2.36
1.28	2.56
1.44	2.84
1.54	2.08
1.64	3.28
1.78	3.56
1.96	3.92
2.12	4.24
2.56	5.12
2.92	5.66
3.32	6.48
3.52	6.88
3.68	7.20
4.00	7.80
4.16	8.20
4.40	8.60	#CLIPPING ALTO
4.56	8.80
4.88	8.80
5.68	9.20

---> b.

IN	OUT
80e-3	40e-3
126e-3	60e-3
170e-3	82e-3
240e-3	118e-3
324e-3	152e-3
408e-3	196e-3
448e-3	212e-3
520e-3	252e-3
624e-3	296e-3
720e-3	344e-3
880e-3	408e-3
1.02	0.464
1.12	0.512
1.20	0.552
1.32	0.600
1.48	0.680
1.74	0.840
2.00	0.960
2.28	1.10
2.44	1.16
2.56	1.24
2.72	1.30
3.24	1.52
3.56	1.62
3.84	1.72
4.24	1.92
4.32	1.92	#clipping merda

4)
freq quella di prima
RS = 677 kohm
Vprima = 2.80 V
Vdopo = 1.42 V

freq = 10.04 kHz
RS = 178.1 kohm
Vprima = 2.84V	
Vdopo = 1.30 V

5)
V_IN = 740e-3 V
V_OUT(osc)	Id(mult)
3.60	6.22e-3
3.16	5.68e-3
2.72	5.04e-3
2.24	4.31e-3
2.00	3.93e-3
1.78	3.59e-3
1.32	2.79e-3
1.10	2.38e-3
1.00	2.15e-3
920e-3	1.845e-3
860e-3	1.720e-3
760e-3	1.560e-3
640e-3	1.400e-3
576e-3	1.276e-3
480e-3	1.077e-3
400e-3	0.905e-3
368e-3	0.835e-3 









