1)  Progettazione passa-basso

R1 = 15.1
C = 47e-6
R_carico = 96.4e3

2) Misure di frequenza

a.Bode plot
Le tensioni sono in volt

Hz		Vin(picco-picco)	Vout(picco-picco)
9.71		20.6			16.8
19.2		19.8			18.2
40.6		17.2			16.4
78.1		12.8			11.8
155		8.60			6.80
319		6.56			3.68
642		5.88			2.04
1.20e3		5.68			1.36
2.00e3		5.60			1.09
2.45e3		5.60			1.05
4.87e3		5.56			0.976
8.18e3		5.64			0.960
15.7e3		5.60			0.940
19.9e3		5.60			0.930

b. Frequenza di taglio
	i. 208 \pm 10 Hz
	ii.
	iii.

3) 

1)  Progettazione passa-basso

R1 = 976
C = 1e-6
R_carico = 96.4e3

2) Misure di frequenza

a.Bode plot
Le tensioni sono in volt

Hz		Vin(picco-picco)	Vout(picco-picco)
10.5		20.8			21.0
19.5		20.8			20.8
39.3		20.8			20.6
76.7		20.8			19.4
156		20.4			16.4
322		20.0			10.8
631		20.0			6.16
1.20e3		19.8			3.50
1.98e3		19.8			2.16
3.71e3		20.2			1.22
7.60e3		20.2			0.640
15.6e3		20.2			0.360
19.9e3		20.2			0.264

b. Frequenza di taglio
	i. 208 \pm 10 Hz
	ii.
	iii.

3) t_salita = 1.620e-3 s

_________________________________

2)
R = 3.25 kohm C =10nF

Hz	Vin	Vout
10.9	21.0	20.4
49.6	21.0	20.6
280	21.0	20.4
1.46e3	21.0	19.8
6.33e3	21.4	12.8
29.1e3	21.0	3.52
130e3	21.0	0.820
565e3	21.4	0.208

4.172e3 +/- 0.1 Hz

3)
R=3.23 kohm C=100nF

Hz	Vin	Vout
10.5	21.0	440e-3
27.3	21.0	1.16
81.2	21.0	3.40
260	21.0	9.60
719	21.0	17.0
2.08e3	21.0	19.8
6.52e3	21.2	20.8
18.8e3	21.2	21.0
60.5e3	21.0	20.8

517 +/- 10 Hz

4)
Hz	Vin	Vout
10.7	21.0	440e-3
19.5	21.0	840e-3
39.3	21.0	1.64
77.6	21.0	3.12
157	21.0	5.60
292	21.0	7.80
508	21.0	9.20
678	21.0	9.60
913	21.0	9.80
1.27e3	21.0	9.80
2.00e3	21.0	9.80
2.76e3	21.0	9.80
3.38e3	21.6	10.0
4.37e3	21.4	9.60
5.15e3	21.4	9.20
9.18e3	21.4	7.80
19.0e3	21.2	4.80
44.2e3	21.2	2.30
112e3	21.0	940e-3
203e3	21.2	520e-3
461e3	21.2	230e-3
1.00e6	22.0	112e-3