V15 = 15.00
V-15 = -15.06

1) 
R1 = 98.5e3
R2 = 9.89e3

---> c
f=4.620e3

VIN	VOUT
86e-3	860e-3
192e-3	1.92
280e-3	2.80
392e-3	3.84
504e-3	5.04
592e-3	5.84
704e-3	6.96
800e-3	7.80
920e-3	9.00
1.00	9.80
1.10	10.8
1.20	11.8
1.30	12.8
1.40	13.8
1.48	14.6
1.66	16.4
1.72	17.0
1.84	18.0
1.96	18.8
2.12	20.0
2.16	20.8
2.28	21.8
2.48	23.4
2.60	25.0
2.72	26.0
3.00	27.4
3.60	28.4
4.82	28.4

---> d
R* = 9.96e3
V1 = 2.88
V2 = 1.44

2) VIN ) 496e-3
f	VOUT
11.02	4.96
20.84	4.96
41.86	4.96
86.12	4.96
167.6	4.96
299.9	4.96
616.7	4.96
1215	4.96
2402	4.96
4721	5.04
8554	5.04
16.22e3	5.04
32.06e3	4.96
64.28e3	4.96
127.0e3	4.48
206.9e3	3.92
300.8e3	3.16
374.9e3	2.68
423.9e3	2.40
510.7e3	2.00
651.2e3	1.54
888.4e3	1.00
1.128e6	700e-3
1.276e6	600e-3
1.544e6	420e-3 #??
1.794e6	312e-3
2.005e6	264e-3

---->b
f = 999.0
slew rate: 	Dt = 740.0 ns
		DV = 9.44 V	
			
3) 
R1 = 218
Vin = 42.4e-3

vout		freq.taglio
76e-3		898e3		#\pm 3% sulla frequenza di taglio
336e-3		261e3		
544e-3		151e3
740e-3		114e3
1.12		79.5e3
1.64		57.1e3
2.08		45.4e3
2.76		33.0e3
3.60		25.6e3
5.44		17.7e3
6.60		13.8e3
9.00		11.0e3
11.8		7.95e3
14.0		6.57e3
17.6		5.24e3
18.8		4.91e3

4)
C1 = 45.4e-9
R2 = 9.95e3
R1 = 984

---> a.

freq.		sfasamento	vout	vin
11.50		41.4e-3		9.84	976e-3
19.36		26.0e-3		11.0	1.12
38.03		13.2e-3		11.6	1.18
77.36		7.00e-3		11.4	1.20
156.0		3.68e-3		10.8	1.20
322.0		1.920e-3	8.80	1.20
650		1.02e-3		5.60	1.20
1.24e3		568e-6		3.60	1.20
2.33e3		312e-6		1.88	1.22
4.73e3		161e-6		1.08	1.22
9.87e3		74.80e-6	500e-3	1.24
19.6e3		39.2e-6		240e-3	1.22
37.4e3		20.5e-6		132e-3	1.24
79.0e3		9.6e-6		70e-3	1.24

---> b.
freq. = 9.722e3

5)
---> a
freq.	vin	vout	sfasamento
12.4	1.30	48.0e-3	20.8e-3
25.43	1.30	96.0e-3	9.8e-3
43.86	1.30	158e-3	5.00e-3
84.27	1.30	300e-3	3.00e-3
162.9	1.30	568e-3	1.64e-3
332.2	1.30	1.20	860e-6
630.0	1.30	2.20	440e-6
1223	1.30	4.08	272e-6
2557	1.28	7.28	142e-6
4871	1.28	10.4	87e-6
9928	1.28	12.0	46.8e-6
19.56e3	1.26	12.4	26.0e-6
41.13e3	1.26	12.4	13.30e-6
82.20e3	1.26	12.0	7.16e-6
160.2e3	1.30	10.0	4.02e-6
294.7e3	1.30	7.12	2.3e-6
537.4e3	1.32	4.48	1.38e-6
1.205e6	1.38	2.16	688e-9
2.075e6	1.40	1.26	438e-9

--->b 
t = 23e-6
dV = 1.36

f= 139.0e3
t = 2.06e-6
dV = 22.8