1.7e-3		35.8e-3		9.76
3.1e-3		66.8e-3		9.68
6.6e-3		139e-3		9.68
11.8e-3		254e-3		9.68
22.0e-3		440e-3		9.68
43.4e-3		532e-3		9.68
81.9e-3		564e-3		9.68
109.4e-3	580e-3		9.60
170.6e-3	600e-3		9.44
258e-3		612e-3		9.12
327e-3		624e-3		8.96
418e-3		628e-3		8.72
595e-3		648e-3		8.40
802e-3		660e-3		7.76
1.154		680e-3		6.80
1.311		688e-3		6.36
1.490		696e-3		5.80
1.848		712e-3		4.80
2.01		720e-3		4.24
2.19		724e-3		3.74
2.36		736e-3		3.28
2.50		744e-3		2.86
2.68		784e-3		2.48
2.92		792e-3		1.82
3.01		808e-3		1.61
3.10		812e-3		1.31
3.28		828e-3		840e-3
3.34		808e-3		720e-3
3.52		816e-3		362e-3
3.71		820e-3		326e-3
4.01		820e-3		298e-3
4.18		820e-3		290e-3
4.33		820e-3		286e-3